zhit: 0.627706724707507
zshort: 0.3149896152620697
zmax: 0.004387149114348086
zrand: 0.05291651091605894
sigma_hit: 0.1
lambda_short: 0.7393790027529336